75 104 0.8888888888888888
95 101 1.4444444444444444
4 36 0.1111111111111111
104 115 0.1111111111111111
67 137 0.1111111111111111
69 149 0.1111111111111111
95 138 2.5555555555555554
81 146 0.2222222222222222
36 177 0.1111111111111111
20 75 0.6666666666666666
137 164 0.1111111111111111
139 184 0.2222222222222222
107 185 0.1111111111111111
35 123 0.1111111111111111
84 95 0.1111111111111111
140 153 0.1111111111111111
71 100 0.3333333333333333
4 35 0.1111111111111111
44 138 0.8888888888888888
100 127 0.1111111111111111
28 185 0.1111111111111111
81 139 0.1111111111111111
7 167 0.1111111111111111
123 167 0.2222222222222222
71 138 0.3333333333333333
77 95 0.1111111111111111
66 93 0.2222222222222222
35 96 0.1111111111111111
111 128 0.2222222222222222
60 104 1.2222222222222223
95 107 0.1111111111111111
26 74 0.1111111111111111
103 104 0.1111111111111111
36 167 0.1111111111111111
37 63 0.2222222222222222
76 78 0.1111111111111111
10 19 0.2222222222222222
66 84 0.1111111111111111
30 86 0.1111111111111111
37 128 0.3333333333333333
40 124 0.1111111111111111
26 179 0.1111111111111111
8 69 0.3333333333333333
69 128 0.1111111111111111
36 95 0.1111111111111111
2 91 0.1111111111111111
22 30 0.1111111111111111
78 171 0.1111111111111111
26 85 0.1111111111111111
3 121 0.1111111111111111
45 185 0.3333333333333333
138 166 0.1111111111111111
69 137 0.8888888888888888
37 80 0.1111111111111111
2 82 0.1111111111111111
5 39 0.1111111111111111
61 74 0.1111111111111111
84 157 0.1111111111111111
103 158 0.1111111111111111
130 142 0.1111111111111111
60 134 0.1111111111111111
63 139 0.2222222222222222
66 166 0.2222222222222222
31 82 0.2222222222222222
86 173 0.1111111111111111
138 161 0.1111111111111111
85 107 0.1111111111111111
74 137 0.3333333333333333
43 100 0.1111111111111111
63 105 0.1111111111111111
69 114 0.2222222222222222
124 137 0.1111111111111111
55 163 0.1111111111111111
61 67 0.1111111111111111
9 37 0.2222222222222222
19 124 0.6666666666666666
38 168 0.1111111111111111
25 101 0.1111111111111111
40 81 0.1111111111111111
28 101 0.2222222222222222
159 167 0.2222222222222222
96 141 0.2222222222222222
44 101 1.0
124 128 0.1111111111111111
69 123 0.2222222222222222
72 102 0.1111111111111111
19 20 0.3333333333333333
37 66 0.2222222222222222
93 101 0.1111111111111111
167 180 0.1111111111111111
35 180 0.1111111111111111
19 133 0.1111111111111111
81 121 0.2222222222222222
63 185 0.1111111111111111
101 118 0.1111111111111111
66 184 0.1111111111111111
144 167 0.1111111111111111
39 128 0.1111111111111111
28 124 0.2222222222222222
2 140 0.1111111111111111
95 180 0.1111111111111111
5 129 0.1111111111111111
101 157 0.2222222222222222
46 61 0.1111111111111111
30 155 0.1111111111111111
124 159 0.2222222222222222
69 100 0.2222222222222222
37 75 0.1111111111111111
93 126 0.1111111111111111
2 63 0.2222222222222222
131 138 0.1111111111111111
167 173 4.777777777777778
4 132 0.1111111111111111
84 170 0.1111111111111111
52 83 0.1111111111111111
19 138 4.555555555555555
43 173 0.2222222222222222
107 136 0.1111111111111111
37 173 0.8888888888888888
40 95 0.1111111111111111
169 170 0.1111111111111111
116 167 0.1111111111111111
5 138 0.5555555555555556
101 134 0.5555555555555556
19 34 0.1111111111111111
75 129 0.1111111111111111
2 54 0.1111111111111111
35 162 0.3333333333333333
101 120 0.1111111111111111
66 138 1.0
134 142 0.1111111111111111
65 66 0.1111111111111111
2 158 0.1111111111111111
27 138 0.1111111111111111
121 142 0.2222222222222222
124 173 2.5555555555555554
19 43 0.1111111111111111
2 49 0.1111111111111111
125 138 0.3333333333333333
85 167 0.6666666666666666
107 134 0.2222222222222222
93 167 0.1111111111111111
75 81 0.2222222222222222
2 153 0.1111111111111111
39 60 0.1111111111111111
101 136 0.1111111111111111
104 185 0.1111111111111111
69 95 0.6666666666666666
124 164 0.1111111111111111
37 102 0.1111111111111111
60 184 0.5555555555555556
81 101 0.1111111111111111
66 156 0.1111111111111111
74 76 0.1111111111111111
75 86 0.1111111111111111
3 72 0.1111111111111111
42 149 0.3333333333333333
120 183 0.1111111111111111
67 167 0.1111111111111111
101 177 0.1111111111111111
11 137 0.1111111111111111
37 111 0.2222222222222222
75 180 0.1111111111111111
66 100 0.5555555555555556
93 185 0.1111111111111111
7 52 0.1111111111111111
67 172 0.1111111111111111
69 176 0.1111111111111111
2 107 0.4444444444444444
96 167 0.1111111111111111
26 101 0.1111111111111111
7 69 0.1111111111111111
104 167 1.8888888888888888
37 104 0.5555555555555556
75 173 2.4444444444444446
34 84 0.1111111111111111
85 178 0.2222222222222222
60 61 0.5555555555555556
44 167 0.3333333333333333
69 185 0.2222222222222222
117 173 0.2222222222222222
101 163 0.1111111111111111
123 154 0.1111111111111111
124 177 0.1111111111111111
69 74 0.3333333333333333
75 162 0.1111111111111111
2 21 0.1111111111111111
5 120 0.1111111111111111
61 139 0.1111111111111111
127 158 0.1111111111111111
19 180 0.1111111111111111
60 69 0.1111111111111111
138 145 0.2222222222222222
110 173 0.1111111111111111
93 139 0.1111111111111111
95 118 0.1111111111111111
69 162 0.4444444444444444
2 125 0.2222222222222222
81 167 0.4444444444444444
19 76 0.1111111111111111
10 124 0.1111111111111111
137 185 0.1111111111111111
125 167 0.2222222222222222
138 152 0.7777777777777778
118 180 0.1111111111111111
11 36 0.1111111111111111
69 171 0.1111111111111111
95 140 0.1111111111111111
103 124 0.1111111111111111
33 128 0.1111111111111111
19 85 0.5555555555555556
42 94 0.1111111111111111
137 162 0.1111111111111111
20 60 0.2222222222222222
60 91 0.1111111111111111
26 167 0.1111111111111111
75 107 0.1111111111111111
95 100 0.2222222222222222
7 24 0.1111111111111111
104 116 0.1111111111111111
32 166 0.1111111111111111
129 138 0.1111111111111111
4 180 0.1111111111111111
81 145 0.1111111111111111
5 83 0.2222222222222222
137 171 0.1111111111111111
12 139 0.1111111111111111
37 157 0.2222222222222222
49 138 0.1111111111111111
70 95 0.1111111111111111
75 96 0.1111111111111111
115 185 0.1111111111111111
152 173 0.2222222222222222
100 120 0.1111111111111111
69 157 0.1111111111111111
4 179 0.1111111111111111
81 138 0.6666666666666666
104 138 3.111111111111111
42 64 0.1111111111111111
61 175 0.1111111111111111
37 134 0.2222222222222222
40 118 0.1111111111111111
138 181 0.1111111111111111
85 95 1.3333333333333333
1 32 0.1111111111111111
100 103 0.1111111111111111
11 75 0.1111111111111111
69 134 0.1111111111111111
142 185 0.2222222222222222
128 173 0.1111111111111111
36 81 0.1111111111111111
117 138 0.2222222222222222
26 75 0.1111111111111111
179 180 0.1111111111111111
19 104 1.4444444444444444
12 185 0.1111111111111111
105 150 0.1111111111111111
14 173 0.1111111111111111
35 104 0.1111111111111111
33 66 0.1111111111111111
74 132 0.1111111111111111
43 105 0.1111111111111111
26 35 0.1111111111111111
5 61 0.1111111111111111
81 132 0.1111111111111111
123 180 0.1111111111111111
37 136 0.1111111111111111
183 185 0.2222222222222222
59 119 0.2222222222222222
138 167 7.555555555555555
146 167 0.2222222222222222
44 112 0.1111111111111111
72 121 0.1111111111111111
37 95 0.2222222222222222
2 83 0.4444444444444444
35 137 0.1111111111111111
19 118 0.1111111111111111
20 104 0.5555555555555556
24 107 0.1111111111111111
43 185 0.1111111111111111
63 138 0.3333333333333333
66 167 1.0
139 167 1.3333333333333333
97 142 0.1111111111111111
134 163 0.1111111111111111
138 174 0.1111111111111111
84 124 0.1111111111111111
14 46 0.1111111111111111
159 185 0.1111111111111111
71 75 0.2222222222222222
63 104 0.1111111111111111
68 101 0.1111111111111111
124 138 3.5555555555555554
142 146 0.2222222222222222
2 42 0.2222222222222222
61 66 0.1111111111111111
7 138 0.1111111111111111
37 41 0.1111111111111111
31 90 0.1111111111111111
111 167 0.2222222222222222
39 138 0.5555555555555556
3 102 0.1111111111111111
138 169 0.1111111111111111
14 49 0.1111111111111111
74 177 0.1111111111111111
2 178 0.6666666666666666
128 137 0.1111111111111111
2 37 1.0
167 183 0.3333333333333333
31 178 0.2222222222222222
19 132 0.1111111111111111
81 120 0.1111111111111111
63 184 0.1111111111111111
66 185 0.3333333333333333
37 163 0.1111111111111111
4 103 0.1111111111111111
85 124 0.8888888888888888
5 128 0.1111111111111111
7 107 0.1111111111111111
46 66 0.1111111111111111
68 107 0.1111111111111111
124 152 0.4444444444444444
36 124 0.1111111111111111
2 60 0.6666666666666666
97 122 0.1111111111111111
5 17 0.1111111111111111
103 132 0.1111111111111111
40 177 0.1111111111111111
107 139 0.1111111111111111
161 185 0.1111111111111111
42 185 0.1111111111111111
29 98 0.1111111111111111
44 84 0.1111111111111111
11 101 0.1111111111111111
69 108 0.2222222222222222
53 157 0.2222222222222222
36 123 0.1111111111111111
19 37 0.5555555555555556
101 103 0.1111111111111111
66 139 0.4444444444444444
75 91 0.1111111111111111
4 85 0.1111111111111111
70 167 0.1111111111111111
101 142 0.1111111111111111
12 100 0.1111111111111111
69 85 0.3333333333333333
37 124 0.8888888888888888
2 14 0.1111111111111111
75 185 0.6666666666666666
55 134 0.2222222222222222
19 42 0.4444444444444444
35 170 0.1111111111111111
23 46 0.2222222222222222
91 182 0.1111111111111111
93 166 0.1111111111111111
95 162 0.1111111111111111
37 101 1.8888888888888888
19 51 0.1111111111111111
5 12 0.1111111111111111
6 138 0.2222222222222222
103 179 0.1111111111111111
60 185 0.1111111111111111
101 105 0.1111111111111111
66 157 0.2222222222222222
17 138 0.1111111111111111
74 77 0.1111111111111111
39 167 0.3333333333333333
2 145 0.1111111111111111
165 168 0.1111111111111111
95 171 0.1111111111111111
81 179 0.1111111111111111
83 102 0.3333333333333333
69 71 0.1111111111111111
75 183 0.1111111111111111
66 101 0.5555555555555556
123 124 0.1111111111111111
19 169 0.1111111111111111
45 111 0.2222222222222222
93 184 0.1111111111111111
45 128 0.2222222222222222
2 104 1.7777777777777777
81 180 0.1111111111111111
101 185 0.8888888888888888
123 132 0.1111111111111111
2 27 0.1111111111111111
77 128 0.1111111111111111
24 52 0.1111111111111111
66 124 0.5555555555555556
85 177 0.1111111111111111
93 177 0.1111111111111111
63 83 0.1111111111111111
34 138 0.1111111111111111
145 149 0.1111111111111111
95 153 0.1111111111111111
81 173 0.2222222222222222
46 104 0.1111111111111111
104 175 0.1111111111111111
124 178 0.1111111111111111
61 138 1.5555555555555556
9 124 0.2222222222222222
125 173 0.2222222222222222
19 183 0.1111111111111111
68 134 0.1111111111111111
75 124 2.3333333333333335
93 138 0.2222222222222222
20 158 0.1111111111111111
116 138 0.1111111111111111
83 125 0.4444444444444444
150 157 0.1111111111111111
9 101 0.2222222222222222
105 185 0.1111111111111111
31 138 0.2222222222222222
87 121 0.1111111111111111
60 93 0.1111111111111111
138 153 0.1111111111111111
147 173 0.1111111111111111
39 75 0.3333333333333333
80 120 0.1111111111111111
5 183 0.1111111111111111
72 87 0.1111111111111111
92 138 0.1111111111111111
2 117 0.2222222222222222
11 180 0.1111111111111111
103 127 0.1111111111111111
52 101 0.1111111111111111
36 180 0.1111111111111111
19 84 0.1111111111111111
77 171 0.1111111111111111
42 95 0.1111111111111111
5 105 0.1111111111111111
40 137 0.1111111111111111
20 61 0.1111111111111111
26 164 0.1111111111111111
8 82 0.1111111111111111
70 101 0.1111111111111111
95 103 0.1111111111111111
152 167 0.1111111111111111
36 179 0.1111111111111111
19 93 0.1111111111111111
63 145 0.1111111111111111
13 18 0.1111111111111111
60 83 0.1111111111111111
138 139 2.0
75 99 0.1111111111111111
115 184 0.1111111111111111
5 185 0.3333333333333333
11 85 0.1111111111111111
104 124 0.1111111111111111
78 95 0.1111111111111111
81 137 0.1111111111111111
117 128 0.1111111111111111
104 139 0.4444444444444444
123 185 0.1111111111111111
52 107 0.1111111111111111
24 134 0.1111111111111111
46 173 0.1111111111111111
138 178 0.1111111111111111
166 177 0.1111111111111111
9 167 0.2222222222222222
63 124 0.2222222222222222
11 74 0.1111111111111111
34 169 0.1111111111111111
12 43 0.1111111111111111
19 107 0.1111111111111111
61 167 0.7777777777777778
83 134 0.1111111111111111
26 177 0.1111111111111111
85 103 0.1111111111111111
33 65 0.1111111111111111
20 185 0.2222222222222222
4 19 0.1111111111111111
63 101 0.1111111111111111
12 83 0.1111111111111111
105 124 0.1111111111111111
69 142 0.1111111111111111
5 60 0.1111111111111111
16 165 0.1111111111111111
132 177 0.1111111111111111
24 101 0.1111111111111111
66 173 0.3333333333333333
37 183 0.2222222222222222
40 101 0.1111111111111111
45 183 0.2222222222222222
4 26 0.1111111111111111
124 140 0.1111111111111111
131 153 0.1111111111111111
37 47 0.1111111111111111
19 121 0.1111111111111111
25 98 0.1111111111111111
61 185 0.3333333333333333
139 166 0.1111111111111111
107 167 0.7777777777777778
138 175 0.1111111111111111
2 184 0.1111111111111111
46 49 0.1111111111111111
124 139 0.6666666666666666
2 43 0.2222222222222222
167 185 1.8888888888888888
35 177 0.1111111111111111
132 167 0.1111111111111111
60 159 0.1111111111111111
133 138 0.1111111111111111
61 178 0.2222222222222222
12 167 0.1111111111111111
31 69 0.1111111111111111
91 173 0.1111111111111111
37 185 0.6666666666666666
43 95 0.1111111111111111
11 118 0.1111111111111111
52 167 0.1111111111111111
53 138 0.1111111111111111
128 138 0.4444444444444444
19 22 0.2222222222222222
36 118 0.1111111111111111
167 182 0.5555555555555556
9 44 0.2222222222222222
20 127 0.1111111111111111
43 182 0.1111111111111111
101 116 0.1111111111111111
85 138 0.8888888888888888
18 53 0.3333333333333333
25 29 0.1111111111111111
85 123 0.1111111111111111
2 138 6.777777777777778
95 182 0.1111111111111111
124 153 0.1111111111111111
2 61 0.6666666666666666
75 138 3.3333333333333335
131 140 0.1111111111111111
10 173 0.2222222222222222
18 157 0.2222222222222222
60 173 0.6666666666666666
66 177 0.1111111111111111
107 138 0.5555555555555556
161 184 0.1111111111111111
18 44 0.3333333333333333
74 81 0.1111111111111111
3 87 0.1111111111111111
2 133 0.1111111111111111
101 132 0.1111111111111111
121 139 0.5555555555555556
69 107 0.2222222222222222
55 136 0.1111111111111111
19 36 0.1111111111111111
75 131 0.1111111111111111
61 108 0.2222222222222222
86 92 0.1111111111111111
35 164 0.1111111111111111
101 102 0.1111111111111111
102 124 0.1111111111111111
74 171 0.1111111111111111
95 164 0.1111111111111111
43 66 0.1111111111111111
12 101 0.1111111111111111
94 100 0.1111111111111111
41 120 0.1111111111111111
61 101 0.4444444444444444
27 61 0.1111111111111111
137 154 0.1111111111111111
35 173 0.2222222222222222
83 185 0.2222222222222222
68 163 0.1111111111111111
75 83 0.1111111111111111
57 122 0.1111111111111111
95 173 2.0
81 185 0.2222222222222222
44 75 0.7777777777777778
123 137 0.3333333333333333
124 166 0.2222222222222222
37 100 0.5555555555555556
2 6 0.1111111111111111
75 177 0.1111111111111111
40 167 0.1111111111111111
101 104 0.6666666666666666
2 110 0.1111111111111111
95 170 0.1111111111111111
44 66 0.2222222222222222
83 105 0.1111111111111111
56 69 0.1111111111111111
75 182 0.1111111111111111
132 137 0.1111111111111111
43 139 0.1111111111111111
35 40 0.1111111111111111
83 110 0.1111111111111111
121 167 0.5555555555555556
101 184 0.1111111111111111
124 180 0.1111111111111111
19 64 0.1111111111111111
75 175 0.1111111111111111
19 177 0.1111111111111111
81 85 0.1111111111111111
74 124 0.1111111111111111
4 74 0.1111111111111111
11 40 0.1111111111111111
69 167 0.6666666666666666
81 172 0.1111111111111111
27 104 0.1111111111111111
47 101 0.1111111111111111
124 179 0.1111111111111111
2 19 3.7777777777777777
75 164 0.1111111111111111
24 60 0.1111111111111111
61 137 0.1111111111111111
66 116 0.1111111111111111
19 182 0.4444444444444444
85 185 0.1111111111111111
74 103 0.1111111111111111
75 127 0.1111111111111111
147 167 0.1111111111111111
116 139 0.1111111111111111
118 179 0.1111111111111111
63 91 0.1111111111111111
53 81 0.1111111111111111
95 129 0.1111111111111111
83 124 0.2222222222222222
101 170 0.1111111111111111
106 167 0.1111111111111111
17 75 0.1111111111111111
19 78 0.1111111111111111
9 100 0.2222222222222222
139 143 0.1111111111111111
86 138 0.1111111111111111
113 185 0.1111111111111111
26 124 0.1111111111111111
104 158 0.1111111111111111
12 63 0.1111111111111111
5 104 0.1111111111111111
10 101 0.1111111111111111
31 114 0.1111111111111111
92 124 0.1111111111111111
109 181 0.1111111111111111
20 173 0.1111111111111111
95 102 0.2222222222222222
11 95 0.1111111111111111
67 138 0.2222222222222222
104 133 0.1111111111111111
5 81 0.2222222222222222
35 124 0.2222222222222222
143 185 0.1111111111111111
39 120 0.1111111111111111
5 184 0.1111111111111111
118 132 0.1111111111111111
104 125 0.1111111111111111
19 101 0.6666666666666666
61 173 0.6666666666666666
139 178 0.2222222222222222
35 101 0.3333333333333333
37 132 0.1111111111111111
60 107 0.1111111111111111
109 167 0.1111111111111111
5 161 0.1111111111111111
44 124 0.8888888888888888
9 166 0.1111111111111111
69 132 0.1111111111111111
2 95 1.5555555555555556
4 164 0.1111111111111111
84 138 0.1111111111111111
123 177 0.1111111111111111
20 100 0.6666666666666666
102 167 0.2222222222222222
66 83 0.1111111111111111
164 177 0.1111111111111111
24 142 0.1111111111111111
85 102 0.2222222222222222
2 167 5.0
80 101 0.1111111111111111
100 104 0.8888888888888888
63 100 0.1111111111111111
28 138 0.2222222222222222
37 84 0.1111111111111111
2 86 0.1111111111111111
61 78 0.1111111111111111
117 145 0.1111111111111111
19 115 0.1111111111111111
77 78 0.4444444444444444
60 138 1.8888888888888888
135 167 0.1111111111111111
83 142 0.1111111111111111
139 160 0.1111111111111111
37 182 0.1111111111111111
121 125 0.1111111111111111
138 165 0.1111111111111111
26 40 0.1111111111111111
11 123 0.1111111111111111
69 118 0.1111111111111111
2 81 0.3333333333333333
61 71 0.2222222222222222
19 120 0.2222222222222222
132 185 0.1111111111111111
13 53 0.1111111111111111
164 167 0.1111111111111111
74 180 0.1111111111111111
2 185 0.8888888888888888
5 156 0.1111111111111111
12 66 0.1111111111111111
124 132 0.1111111111111111
167 184 0.3333333333333333
84 167 0.1111111111111111
19 129 0.1111111111111111
60 152 0.5555555555555556
136 163 0.1111111111111111
37 184 0.1111111111111111
134 152 0.2222222222222222
49 173 0.1111111111111111
173 185 0.4444444444444444
124 131 0.1111111111111111
73 125 0.1111111111111111
128 139 0.1111111111111111
2 35 0.4444444444444444
75 148 0.1111111111111111
167 177 0.1111111111111111
103 137 0.1111111111111111
17 19 0.1111111111111111
35 185 0.1111111111111111
101 115 0.1111111111111111
66 183 0.1111111111111111
85 137 0.1111111111111111
122 142 0.1111111111111111
2 139 0.7777777777777778
95 177 0.1111111111111111
44 95 1.1111111111111112
7 101 0.1111111111111111
173 178 0.3333333333333333
15 37 0.2222222222222222
75 141 0.1111111111111111
78 138 0.1111111111111111
6 167 0.2222222222222222
9 84 0.1111111111111111
40 179 0.1111111111111111
135 139 0.1111111111111111
101 124 2.3333333333333335
111 183 0.2222222222222222
42 167 0.4444444444444444
43 63 0.2222222222222222
134 138 0.1111111111111111
83 85 0.3333333333333333
121 138 0.1111111111111111
11 103 0.1111111111111111
124 145 0.1111111111111111
36 101 0.1111111111111111
19 39 0.1111111111111111
93 116 0.1111111111111111
35 167 0.4444444444444444
112 141 0.2222222222222222
43 167 0.2222222222222222
102 125 0.1111111111111111
110 124 0.1111111111111111
95 167 1.1111111111111112
46 82 0.1111111111111111
69 83 0.2222222222222222
19 44 0.1111111111111111
61 100 0.3333333333333333
27 60 0.1111111111111111
103 180 0.1111111111111111
66 128 0.1111111111111111
85 164 0.1111111111111111
35 61 0.4444444444444444
124 167 2.111111111111111
66 104 0.2222222222222222
103 173 0.1111111111111111
35 85 0.1111111111111111
21 138 0.1111111111111111
85 173 1.0
74 75 0.1111111111111111
4 69 0.2222222222222222
42 144 0.1111111111111111
32 134 0.1111111111111111
69 180 0.1111111111111111
149 167 0.2222222222222222
81 177 0.1111111111111111
83 104 0.1111111111111111
93 95 0.1111111111111111
19 171 0.1111111111111111
112 178 0.1111111111111111
43 138 0.4444444444444444
17 129 0.1111111111111111
20 138 0.5555555555555556
2 102 0.2222222222222222
8 150 0.1111111111111111
101 167 1.6666666666666667
69 78 0.4444444444444444
52 138 0.1111111111111111
126 177 0.1111111111111111
5 124 0.3333333333333333
79 138 0.1111111111111111
45 102 0.1111111111111111
138 149 0.4444444444444444
32 37 0.1111111111111111
107 110 0.1111111111111111
4 75 0.1111111111111111
8 157 0.1111111111111111
75 167 1.4444444444444444
5 101 0.2222222222222222
19 185 0.6666666666666666
138 156 0.1111111111111111
143 173 0.1111111111111111
95 115 0.1111111111111111
115 167 0.1111111111111111
2 120 0.4444444444444444
95 128 0.3333333333333333
81 164 0.1111111111111111
101 169 0.1111111111111111
11 177 0.1111111111111111
19 81 0.4444444444444444
34 101 0.1111111111111111
91 124 0.2222222222222222
112 167 0.1111111111111111
40 132 0.1111111111111111
60 95 0.1111111111111111
50 101 0.2222222222222222
20 167 0.4444444444444444
95 137 0.2222222222222222
121 185 0.8888888888888888
137 167 0.3333333333333333
35 118 0.1111111111111111
55 107 0.1111111111111111
138 142 0.1111111111111111
39 66 0.1111111111111111
100 124 0.3333333333333333
8 178 0.1111111111111111
103 118 0.1111111111111111
123 162 0.1111111111111111
19 95 1.5555555555555556
38 137 0.1111111111111111
137 168 0.1111111111111111
60 109 0.1111111111111111
64 104 0.1111111111111111
146 185 0.5555555555555556
75 101 1.8888888888888888
95 110 0.1111111111111111
5 167 0.3333333333333333
43 124 0.2222222222222222
12 95 0.1111111111111111
69 154 0.1111111111111111
36 85 0.1111111111111111
2 69 0.4444444444444444
11 164 0.1111111111111111
36 164 0.1111111111111111
19 100 0.5555555555555556
37 50 0.2222222222222222
102 173 0.2222222222222222
35 100 0.1111111111111111
60 100 0.2222222222222222
26 180 0.1111111111111111
120 124 0.4444444444444444
70 85 0.1111111111111111
2 173 6.777777777777778
30 184 0.1111111111111111
128 160 0.1111111111111111
2 92 0.1111111111111111
81 128 0.3333333333333333
20 101 0.5555555555555556
132 180 0.1111111111111111
5 66 0.7777777777777778
61 165 0.1111111111111111
162 178 0.3333333333333333
39 152 0.2222222222222222
85 101 0.3333333333333333
100 105 0.1111111111111111
11 69 0.1111111111111111
128 167 0.3333333333333333
61 77 0.1111111111111111
26 81 0.1111111111111111
60 139 0.2222222222222222
132 179 0.1111111111111111
5 75 0.2222222222222222
127 173 0.1111111111111111
40 103 0.1111111111111111
3 125 0.1111111111111111
39 145 0.1111111111111111
120 138 0.2222222222222222
138 162 0.1111111111111111
85 110 0.1111111111111111
74 138 0.1111111111111111
27 173 0.1111111111111111
2 46 0.1111111111111111
75 153 0.1111111111111111
7 142 0.1111111111111111
35 138 0.4444444444444444
19 123 0.2222222222222222
37 45 0.3333333333333333
6 66 0.2222222222222222
55 68 0.1111111111111111
4 124 0.1111111111111111
134 166 0.1111111111111111
138 173 7.222222222222222
2 182 0.5555555555555556
50 138 0.1111111111111111
37 69 0.2222222222222222
93 104 0.1111111111111111
75 158 0.1111111111111111
22 44 0.1111111111111111
61 95 0.1111111111111111
34 35 0.1111111111111111
35 179 0.1111111111111111
19 128 0.2222222222222222
82 138 0.1111111111111111
157 167 0.2222222222222222
37 167 1.3333333333333333
40 85 0.1111111111111111
4 123 0.1111111111111111
45 167 0.2222222222222222
109 138 0.1111111111111111
69 103 0.1111111111111111
78 128 0.1111111111111111
6 173 0.2222222222222222
54 185 0.1111111111111111
19 137 0.3333333333333333
37 160 0.1111111111111111
74 167 0.2222222222222222
121 128 0.2222222222222222
75 140 0.1111111111111111
40 180 0.1111111111111111
60 175 0.1111111111111111
81 118 0.1111111111111111
83 173 0.4444444444444444
101 123 0.1111111111111111
74 95 0.2222222222222222
2 131 0.1111111111111111
95 185 0.3333333333333333
56 178 0.1111111111111111
75 133 0.1111111111111111
93 115 0.1111111111111111
75 92 0.1111111111111111
40 74 0.1111111111111111
120 173 0.3333333333333333
101 139 0.6666666666666666
121 146 0.4444444444444444
104 182 0.4444444444444444
71 185 0.3333333333333333
37 121 0.2222222222222222
118 124 0.1111111111111111
35 175 0.1111111111111111
19 156 0.1111111111111111
66 129 0.1111111111111111
88 174 0.1111111111111111
13 81 0.1111111111111111
35 60 0.1111111111111111
75 85 1.0
4 95 0.1111111111111111
44 182 0.1111111111111111
145 167 0.2222222222222222
44 69 0.3333333333333333
7 83 0.1111111111111111
101 180 0.1111111111111111
75 179 0.1111111111111111
61 124 0.1111111111111111
66 105 0.1111111111111111
35 84 0.1111111111111111
14 104 0.1111111111111111
116 184 0.1111111111111111
44 173 0.6666666666666666
65 80 0.2222222222222222
45 132 0.1111111111111111
69 179 0.1111111111111111
76 171 0.1111111111111111
117 167 0.2222222222222222
83 107 0.6666666666666666
104 164 0.1111111111111111
19 61 0.6666666666666666
2 31 0.1111111111111111
37 107 0.1111111111111111
137 138 0.2222222222222222
19 170 0.1111111111111111
6 19 0.2222222222222222
46 138 0.1111111111111111
110 167 0.1111111111111111
118 167 0.1111111111111111
2 103 0.1111111111111111
101 166 0.3333333333333333
69 77 0.4444444444444444
124 182 0.1111111111111111
17 95 0.1111111111111111
19 66 1.0
94 95 0.1111111111111111
133 182 0.1111111111111111
137 179 0.1111111111111111
19 179 0.1111111111111111
20 35 0.1111111111111111
75 120 0.1111111111111111
96 178 0.1111111111111111
83 121 0.1111111111111111
101 175 0.1111111111111111
19 75 1.4444444444444444
2 17 0.1111111111111111
42 104 0.2222222222222222
5 100 0.1111111111111111
100 166 0.1111111111111111
137 180 0.1111111111111111
87 125 0.1111111111111111
35 75 0.4444444444444444
19 184 0.2222222222222222
88 138 0.1111111111111111
90 178 0.1111111111111111
74 101 0.1111111111111111
42 138 0.5555555555555556
118 177 0.1111111111111111
11 35 0.1111111111111111
72 83 0.1111111111111111
2 121 0.1111111111111111
95 131 0.1111111111111111
121 183 0.2222222222222222
61 128 0.1111111111111111
100 173 0.4444444444444444
102 185 0.1111111111111111
35 112 0.1111111111111111
37 151 0.1111111111111111
21 173 0.1111111111111111
68 136 0.1111111111111111
75 118 0.1111111111111111
95 123 0.1111111111111111
63 66 0.1111111111111111
81 156 0.1111111111111111
17 66 0.1111111111111111
63 149 0.1111111111111111
105 167 0.1111111111111111
111 121 0.2222222222222222
138 143 0.1111111111111111
143 178 0.2222222222222222
20 175 0.1111111111111111
11 81 0.1111111111111111
2 75 2.4444444444444446
4 176 0.1111111111111111
26 69 0.1111111111111111
15 101 0.2222222222222222
5 95 0.3333333333333333
66 95 0.4444444444444444
49 61 0.1111111111111111
67 87 0.1111111111111111
31 101 0.1111111111111111
96 112 0.3333333333333333
138 182 0.6666666666666666
84 100 0.1111111111111111
70 83 0.1111111111111111
75 100 0.8888888888888888
4 40 0.1111111111111111
95 105 0.1111111111111111
5 166 0.1111111111111111
48 66 0.1111111111111111
104 127 0.1111111111111111
2 66 0.5555555555555556
131 167 0.1111111111111111
81 142 0.2222222222222222
11 167 0.1111111111111111
19 103 0.1111111111111111
61 171 0.1111111111111111
35 103 0.1111111111111111
164 180 0.1111111111111111
60 101 0.5555555555555556
138 177 0.1111111111111111
51 167 0.1111111111111111
152 184 0.4444444444444444
26 36 0.1111111111111111
123 179 0.1111111111111111
19 108 0.2222222222222222
83 139 0.2222222222222222
66 81 0.2222222222222222
139 173 0.3333333333333333
67 69 0.4444444444444444
35 108 0.2222222222222222
164 179 0.1111111111111111
37 139 0.7777777777777778
60 124 0.5555555555555556
138 184 0.7777777777777778
74 128 0.1111111111111111
115 139 0.1111111111111111
59 173 0.2222222222222222
4 173 0.1111111111111111
61 76 0.1111111111111111
51 74 0.1111111111111111
35 132 0.1111111111111111
107 163 0.1111111111111111
4 118 0.1111111111111111
33 95 0.1111111111111111
124 143 0.2222222222222222
72 125 0.1111111111111111
37 91 0.1111111111111111
75 152 0.3333333333333333
61 69 0.5555555555555556
37 44 0.3333333333333333
63 182 0.1111111111111111
134 167 0.1111111111111111
138 170 0.1111111111111111
85 118 0.1111111111111111
18 81 0.1111111111111111
2 183 0.1111111111111111
22 178 0.1111111111111111
43 91 0.1111111111111111
12 124 0.1111111111111111
36 74 0.1111111111111111
37 68 0.1111111111111111
5 43 0.1111111111111111
7 134 0.1111111111111111
10 166 0.1111111111111111
35 178 1.3333333333333333
43 178 0.1111111111111111
81 123 0.1111111111111111
157 166 0.1111111111111111
13 44 0.1111111111111111
14 138 0.1111111111111111
37 166 0.2222222222222222
26 137 0.1111111111111111
11 26 0.1111111111111111
32 101 0.1111111111111111
159 162 0.1111111111111111
76 137 0.1111111111111111
4 11 0.1111111111111111
43 80 0.2222222222222222
124 157 0.2222222222222222
167 179 0.1111111111111111
61 87 0.1111111111111111
81 124 0.4444444444444444
83 167 1.0
31 79 0.1111111111111111
91 167 0.1111111111111111
74 85 0.1111111111111111
3 83 0.1111111111111111
62 185 0.1111111111111111
11 19 0.1111111111111111
29 101 0.1111111111111111
74 164 0.1111111111111111
76 128 0.1111111111111111
95 179 0.1111111111111111
101 152 0.2222222222222222
124 148 0.1111111111111111
61 80 0.1111111111111111
100 157 0.2222222222222222
81 117 0.2222222222222222
63 173 0.1111111111111111
134 136 0.1111111111111111
120 167 0.2222222222222222
140 167 0.1111111111111111
2 128 0.1111111111111111
95 184 0.1111111111111111
83 87 0.1111111111111111
12 105 0.1111111111111111
36 103 0.1111111111111111
75 132 0.1111111111111111
61 105 0.1111111111111111
35 169 0.1111111111111111
60 167 1.0
35 54 0.1111111111111111
75 95 2.111111111111111
40 75 0.1111111111111111
39 173 0.3333333333333333
4 81 0.1111111111111111
145 173 0.1111111111111111
101 138 3.7777777777777777
30 142 0.2222222222222222
69 81 0.2222222222222222
37 120 0.1111111111111111
2 10 0.2222222222222222
64 138 0.1111111111111111
18 138 0.1111111111111111
21 143 0.1111111111111111
81 103 0.1111111111111111
45 121 0.2222222222222222
85 162 0.1111111111111111
31 58 0.1111111111111111
107 125 0.3333333333333333
91 138 0.2222222222222222
74 78 0.1111111111111111
22 81 0.1111111111111111
83 101 0.4444444444444444
101 179 0.1111111111111111
52 134 0.1111111111111111
15 50 0.1111111111111111
75 178 0.2222222222222222
2 5 0.2222222222222222
77 138 0.1111111111111111
100 138 1.1111111111111112
178 185 0.1111111111111111
34 95 0.1111111111111111
19 164 0.1111111111111111
60 181 0.1111111111111111
31 35 0.1111111111111111
35 36 0.1111111111111111
116 185 0.1111111111111111
69 178 1.3333333333333333
81 183 0.1111111111111111
26 103 0.1111111111111111
104 165 0.1111111111111111
124 184 0.2222222222222222
19 60 0.3333333333333333
103 164 0.1111111111111111
52 60 0.1111111111111111
19 173 3.4444444444444446
28 37 0.2222222222222222
49 104 0.1111111111111111
85 180 0.1111111111111111
91 152 0.1111111111111111
113 139 0.1111111111111111
9 157 0.2222222222222222
118 164 0.1111111111111111
2 100 0.3333333333333333
69 76 0.1111111111111111
124 183 0.1111111111111111
19 69 0.6666666666666666
41 80 0.1111111111111111
6 120 0.1111111111111111
66 120 0.2222222222222222
139 146 0.3333333333333333
35 69 1.2222222222222223
19 178 0.6666666666666666
60 75 0.4444444444444444
24 167 0.1111111111111111
138 147 0.1111111111111111
74 123 0.1111111111111111
75 123 0.1111111111111111
39 81 0.3333333333333333
95 116 0.1111111111111111
63 95 0.1111111111111111
69 164 0.1111111111111111
2 127 0.1111111111111111
21 124 0.1111111111111111
154 162 0.1111111111111111
19 74 0.3333333333333333
100 167 1.0
66 115 0.1111111111111111
35 74 0.1111111111111111
60 66 0.2222222222222222
75 112 0.2222222222222222
42 139 0.2222222222222222
69 173 0.4444444444444444
149 176 0.1111111111111111
119 173 0.2222222222222222
11 179 0.1111111111111111
36 137 0.1111111111111111
19 83 0.1111111111111111
133 167 0.1111111111111111
110 185 0.1111111111111111
80 124 0.1111111111111111
118 137 0.1111111111111111
69 150 0.1111111111111111
95 139 0.4444444444444444
149 185 0.1111111111111111
26 123 0.1111111111111111
103 123 0.1111111111111111
76 95 0.1111111111111111
137 165 0.1111111111111111
139 185 1.6666666666666667
162 167 0.1111111111111111
55 101 0.1111111111111111
138 140 0.2222222222222222
71 101 0.3333333333333333
75 110 0.1111111111111111
39 124 0.5555555555555556
16 37 0.1111111111111111
36 40 0.1111111111111111
4 177 0.1111111111111111
123 164 0.1111111111111111
37 55 0.1111111111111111
6 100 0.2222222222222222
37 152 0.1111111111111111
84 101 0.2222222222222222
138 183 0.1111111111111111
75 103 0.2222222222222222
39 117 0.2222222222222222
95 104 0.2222222222222222
100 101 1.2222222222222223
34 170 0.1111111111111111
128 171 0.1111111111111111
19 102 0.1111111111111111
76 77 0.1111111111111111
162 185 0.1111111111111111
40 123 0.1111111111111111
24 138 0.1111111111111111
23 82 0.1111111111111111
4 167 0.1111111111111111
5 63 0.1111111111111111
10 138 0.2222222222222222
20 103 0.1111111111111111
60 142 0.1111111111111111
83 138 0.8888888888888888
158 173 0.1111111111111111
107 173 0.4444444444444444
37 138 2.6666666666666665
117 124 0.2222222222222222
138 185 2.0
2 162 0.1111111111111111
115 138 0.1111111111111111
69 138 0.8888888888888888
36 69 0.1111111111111111
128 185 0.2222222222222222
2 85 1.0
37 81 0.1111111111111111
59 172 0.2222222222222222
61 75 0.3333333333333333
26 95 0.1111111111111111
153 167 0.1111111111111111
52 69 0.1111111111111111
19 116 0.1111111111111111
60 116 0.1111111111111111
26 132 0.1111111111111111
8 114 0.1111111111111111
138 160 0.1111111111111111
166 167 0.1111111111111111
43 101 0.1111111111111111
11 124 0.1111111111111111
2 44 0.1111111111111111
4 149 0.1111111111111111
22 43 0.1111111111111111
37 43 0.1111111111111111
132 164 0.1111111111111111
85 132 0.1111111111111111
105 139 0.1111111111111111
4 126 0.1111111111111111
60 115 0.1111111111111111
138 171 0.1111111111111111
89 114 0.1111111111111111
74 179 0.1111111111111111
44 100 0.2222222222222222
69 124 0.2222222222222222
36 75 0.1111111111111111
128 183 0.2222222222222222
2 39 0.3333333333333333
167 181 0.1111111111111111
10 167 0.2222222222222222
37 165 0.2222222222222222
4 101 0.1111111111111111
2 143 0.4444444444444444
76 138 0.1111111111111111
43 83 0.1111111111111111
173 182 0.4444444444444444
177 179 0.1111111111111111
69 101 0.3333333333333333
19 26 0.1111111111111111
75 137 0.1111111111111111
167 178 0.3333333333333333
5 19 0.5555555555555556
84 169 0.1111111111111111
19 139 0.7777777777777778
38 165 0.1111111111111111
63 167 0.4444444444444444
83 166 0.1111111111111111
184 185 0.2222222222222222
14 61 0.1111111111111111
95 178 0.2222222222222222
5 139 0.4444444444444444
173 175 0.1111111111111111
177 180 0.1111111111111111
69 110 0.1111111111111111
73 107 0.1111111111111111
19 35 0.5555555555555556
78 137 0.4444444444444444
98 101 0.1111111111111111
100 158 0.1111111111111111
19 144 0.1111111111111111
24 69 0.1111111111111111
102 121 0.1111111111111111
107 142 0.1111111111111111
40 69 0.1111111111111111
39 183 0.1111111111111111
2 129 0.1111111111111111
43 65 0.2222222222222222
44 81 0.2222222222222222
69 87 0.1111111111111111
15 47 0.1111111111111111
128 156 0.1111111111111111
19 40 0.1111111111111111
2 48 0.1111111111111111
4 137 0.1111111111111111
61 104 1.2222222222222223
172 173 0.2222222222222222
9 66 0.2222222222222222
118 123 0.1111111111111111
107 135 0.1111111111111111
111 185 0.2222222222222222
42 173 0.2222222222222222
92 173 0.1111111111111111
115 116 0.1111111111111111
22 95 0.1111111111111111
95 160 0.1111111111111111
83 95 0.4444444444444444
101 137 0.1111111111111111
104 184 0.2222222222222222
94 104 0.1111111111111111
41 124 0.1111111111111111
47 50 0.1111111111111111
103 177 0.1111111111111111
35 81 0.1111111111111111
40 164 0.1111111111111111
24 83 0.1111111111111111
101 107 0.2222222222222222
107 124 0.1111111111111111
7 60 0.1111111111111111
2 147 0.1111111111111111
95 169 0.1111111111111111
83 100 0.1111111111111111
124 162 0.2222222222222222
126 138 0.1111111111111111
77 137 0.4444444444444444
41 101 0.1111111111111111
100 139 0.1111111111111111
19 167 4.0
81 95 0.3333333333333333
74 118 0.1111111111111111
69 177 0.1111111111111111
70 138 0.1111111111111111
124 185 0.6666666666666666
52 142 0.1111111111111111
19 63 0.1111111111111111
42 100 0.1111111111111111
102 138 0.3333333333333333
66 126 0.1111111111111111
103 167 0.1111111111111111
108 178 0.2222222222222222
35 95 0.2222222222222222
85 179 0.1111111111111111
39 91 0.1111111111111111
44 166 0.1111111111111111
54 75 0.1111111111111111
2 101 0.1111111111111111
44 53 0.3333333333333333
101 164 0.1111111111111111
104 173 1.5555555555555556
11 132 0.1111111111111111
69 75 0.4444444444444444
36 132 0.1111111111111111
2 20 0.1111111111111111
5 121 0.1111111111111111
100 185 0.5555555555555556
137 177 0.1111111111111111
66 121 0.1111111111111111
139 149 0.2222222222222222
86 124 0.1111111111111111
87 102 0.1111111111111111
44 157 0.4444444444444444
2 124 2.3333333333333335
95 132 0.1111111111111111
81 160 0.1111111111111111
26 118 0.1111111111111111
101 173 0.7777777777777778
19 77 0.1111111111111111
102 132 0.1111111111111111
95 124 1.7777777777777777
8 56 0.1111111111111111
69 172 0.2222222222222222
142 167 0.1111111111111111
119 172 0.2222222222222222
13 138 0.1111111111111111
126 166 0.1111111111111111
100 175 0.1111111111111111
66 75 0.2222222222222222
86 142 0.1111111111111111
162 173 0.1111111111111111
